0.1760, -0.00002, 0.0825, 
0.1760, -0.00002, 0.2242, 
0.1760, 0.00031, 0.4071, 
0.1808, 0.00111, 0.6459, 
0.2004, 0.00213, 0.9059, 
0.2444, 0.00311, 1.1492, 
0.2981, 0.00395, 1.3687, 
0.3666, 0.00467, 1.5617, 
0.4448, 0.00518, 1.7207, 
0.5327, 0.00551, 1.8478, 
0.6256, 0.00567, 1.9440, 
0.7185, 0.00567, 2.0138, 
0.8065, 0.00560, 2.0700, 
0.8944, 0.00544, 2.1084, 
0.9726, 0.00524, 2.1384, 
1.0508, 0.00502, 2.1595, 
1.1241, 0.00480, 2.1766, 
1.1926, 0.00455, 2.1871, 
1.2561, 0.00431, 2.1942, 
1.3099, 0.00409, 2.2031, 
1.3587, 0.00391, 2.2152, 
1.4076, 0.00375, 2.2263, 
1.4516, 0.00360, 2.2355, 
1.4907, 0.00349, 2.2488, 
1.5298, 0.00333, 2.2535, 
1.5640, 0.00320, 2.2599, 
1.5982, 0.00307, 2.2637, 
1.6276, 0.00295, 2.2694, 
1.6520, 0.00287, 2.2776, 
1.6764, 0.00280, 2.2867, 
1.7058, 0.00271, 2.2891, 
1.7204, 0.00264, 2.2979, 
1.7449, 0.00258, 2.3016, 
1.7644, 0.00251, 2.3054, 
1.7791, 0.00244, 2.3096, 
1.7986, 0.00238, 2.3107, 
1.8084, 0.00233, 2.3169, 
1.8231, 0.00231, 2.3232, 
1.8377, 0.00227, 2.3256, 
1.8524, 0.00220, 2.3242, 
1.8622, 0.00215, 2.3262, 
1.8719, 0.00213, 2.3303, 
1.8817, 0.00209, 2.3308, 
1.8915, 0.00204, 2.3306, 
1.8964, 0.00202, 2.3344, 
1.9062, 0.00200, 2.3358, 
1.9159, 0.00196, 2.3337, 
1.9208, 0.00193, 2.3355, 
1.9257, 0.00191, 2.3369, 
1.9306, 0.00191, 2.3408, 
1.9355, 0.00189, 2.3415, 
1.9404, 0.00189, 2.3445, 
1.9453, 0.00187, 2.3445, 
1.9501, 0.00184, 2.3440, 
1.9550, 0.00182, 2.3432, 
1.9599, 0.00180, 2.3420, 
1.9599, 0.00180, 2.3451, 
1.9648, 0.00178, 2.3435, 
1.9697, 0.00176, 2.3415, 
1.9697, 0.00176, 2.3439, 
1.9746, 0.00173, 2.3416, 
1.9746, 0.00173, 2.3435, 
1.9795, 0.00171, 2.3408, 
1.9795, 0.00169, 2.3396, 
1.9795, 0.00169, 2.3412, 
1.9795, 0.00171, 2.3456, 
1.9844, 0.00169, 2.3425, 
1.9844, 0.00169, 2.3437, 
1.9844, 0.00169, 2.3449, 
1.9844, 0.00169, 2.3461, 
1.9844, 0.00171, 2.3501, 
1.9892, 0.00169, 2.3466, 
1.9892, 0.00169, 2.3474, 
1.9892, 0.00169, 2.3483, 
1.9941, 0.00167, 2.3444, 
1.9941, 0.00164, 2.3421, 
1.9941, 0.00164, 2.3426, 
1.9941, 0.00164, 2.3430, 
1.9941, 0.00164, 2.3435, 
1.9941, 0.00164, 2.3439, 
1.9941, 0.00164, 2.3444, 
1.9941, 0.00164, 2.3449, 
1.9941, 0.00164, 2.3453, 
1.9941, 0.00164, 2.3458, 
1.9941, 0.00164, 2.3462, 
1.9941, 0.00167, 2.3494, 
1.9941, 0.00167, 2.3499, 
1.9990, 0.00164, 2.3456, 
1.9990, 0.00162, 2.3430, 
1.9990, 0.00162, 2.3430, 
1.9990, 0.00162, 2.3431, 
1.9990, 0.00162, 2.3432, 
1.9990, 0.00162, 2.3433, 
1.9990, 0.00162, 2.3433, 
1.9990, 0.00162, 2.3434, 
1.9990, 0.00162, 2.3435, 
1.9990, 0.00162, 2.3436, 
1.9990, 0.00162, 2.3437, 
1.9990, 0.00162, 2.3437, 
1.9990, 0.00162, 2.3438, 
1.9990, 0.00162, 2.3439, 
1.9990, 0.00162, 2.3440, 
1.9990, 0.00162, 2.3440, 
1.9990, 0.00162, 2.3441, 
1.9990, 0.00162, 2.3442, 
1.9990, 0.00162, 2.3443, 
1.9990, 0.00162, 2.3443, 
1.9990, 0.00162, 2.3444, 
1.9990, 0.00162, 2.3445, 
1.9990, 0.00162, 2.3446, 
1.9990, 0.00162, 2.3446, 
1.9990, 0.00162, 2.3447, 
1.9990, 0.00162, 2.3448, 
1.9990, 0.00162, 2.3449, 
1.9990, 0.00162, 2.3449, 
1.9990, 0.00162, 2.3450, 
1.9990, 0.00162, 2.3451, 
1.9990, 0.00162, 2.3452, 
1.9990, 0.00162, 2.3452, 
1.9990, 0.00162, 2.3453, 
1.9990, 0.00162, 2.3454, 
1.9990, 0.00162, 2.3455, 
1.9990, 0.00162, 2.3455, 
1.9990, 0.00162, 2.3456, 
1.9990, 0.00162, 2.3457, 
1.9990, 0.00162, 2.3458, 
1.9990, 0.00162, 2.3459, 
1.9990, 0.00162, 2.3459, 
1.9990, 0.00162, 2.3460, 
1.9990, 0.00162, 2.3461, 
1.9990, 0.00164, 2.3489, 
1.9990, 0.00164, 2.3490, 
1.9990, 0.00164, 2.3491, 
1.9990, 0.00164, 2.3491, 
2.0039, 0.00162, 2.3445, 
2.0039, 0.00160, 2.3415, 
1.9990, 0.00162, 2.3458, 
1.9990, 0.00162, 2.3459, 
2.0039, 0.00160, 2.3413, 
1.9990, 0.00162, 2.3457, 
2.0039, 0.00160, 2.3411, 
1.9990, 0.00162, 2.3455, 
1.9990, 0.00162, 2.3455, 
1.9990, 0.00162, 2.3456, 
1.9990, 0.00162, 2.3457, 
1.9990, 0.00162, 2.3458, 
1.9990, 0.00162, 2.3458, 
1.9990, 0.00162, 2.3459, 
1.9990, 0.00162, 2.3460, 
1.9990, 0.00162, 2.3461, 
1.9990, 0.00164, 2.3489, 
1.9990, 0.00164, 2.3490, 
1.9990, 0.00164, 2.3491, 
1.9990, 0.00164, 2.3491, 
2.0039, 0.00162, 2.3445, 
2.0039, 0.00160, 2.3415, 
2.0039, 0.00160, 2.3412, 
2.0039, 0.00160, 2.3408, 
1.9990, 0.00160, 2.3425, 
1.9990, 0.00162, 2.3453, 
1.9990, 0.00162, 2.3454, 
1.9990, 0.00162, 2.3455, 
1.9990, 0.00162, 2.3455, 
1.9990, 0.00162, 2.3456, 
1.9990, 0.00162, 2.3457, 
1.9990, 0.00162, 2.3458, 
2.0039, 0.00160, 2.3412, 
1.9990, 0.00162, 2.3455, 
1.9990, 0.00162, 2.3456, 
1.9990, 0.00162, 2.3457, 
1.9990, 0.00162, 2.3458, 
1.9990, 0.00162, 2.3458, 
1.9990, 0.00162, 2.3459, 
1.9990, 0.00162, 2.3460, 
1.9990, 0.00162, 2.3461, 
1.9990, 0.00164, 2.3489, 
1.9990, 0.00164, 2.3490, 
1.9990, 0.00164, 2.3491, 
2.0039, 0.00162, 2.3444, 
2.0039, 0.00160, 2.3414, 
1.9990, 0.00162, 2.3458, 
1.9990, 0.00162, 2.3458, 
1.9990, 0.00162, 2.3459, 
2.0039, 0.00160, 2.3413, 
2.0039, 0.00160, 2.3410, 
1.9990, 0.00162, 2.3454, 
2.0039, 0.00160, 2.3408, 
1.9990, 0.00160, 2.3424, 
1.9990, 0.00162, 2.3452, 
1.9990, 0.00162, 2.3453, 
1.9990, 0.00162, 2.3454, 
1.9990, 0.00162, 2.3455, 
1.9990, 0.00162, 2.3455, 
1.9990, 0.00162, 2.3456, 
1.9990, 0.00162, 2.3457, 
1.9990, 0.00162, 2.3458, 
1.9990, 0.00162, 2.3458, 
1.9990, 0.00162, 2.3459, 
2.0039, 0.00160, 2.3413, 
1.9990, 0.00162, 2.3457, 
1.9990, 0.00162, 2.3458, 
1.9990, 0.00162, 2.3458, 
1.9990, 0.00162, 2.3459, 
1.9990, 0.00162, 2.3460, 
1.9990, 0.00162, 2.3461, 
1.9990, 0.00164, 2.3489, 
1.9990, 0.00164, 2.3490, 
1.9990, 0.00164, 2.3491, 
1.9990, 0.00164, 2.3491, 
1.9990, 0.00164, 2.3492, 
2.0039, 0.00162, 2.3446, 
2.0039, 0.00160, 2.3415, 
2.0039, 0.00160, 2.3412, 
2.0039, 0.00160, 2.3409, 
2.0039, 0.00158, 2.3379, 
2.0039, 0.00158, 2.3376, 
1.9990, 0.00160, 2.3420, 
1.9990, 0.00162, 2.3448, 
2.0039, 0.00160, 2.3402, 
1.9990, 0.00160, 2.3418, 
1.9990, 0.00162, 2.3446, 
1.9990, 0.00162, 2.3447, 
1.9990, 0.00162, 2.3448, 
1.9990, 0.00162, 2.3449, 
1.9990, 0.00162, 2.3449, 
1.9990, 0.00162, 2.3450, 
1.9990, 0.00162, 2.3451, 
1.9990, 0.00162, 2.3452, 
1.9990, 0.00162, 2.3452, 
1.9990, 0.00162, 2.3453, 
1.9990, 0.00162, 2.3454, 
1.9990, 0.00162, 2.3455, 
2.0039, 0.00160, 2.3408, 
1.9990, 0.00160, 2.3425, 
1.9990, 0.00162, 2.3453, 
1.9990, 0.00162, 2.3454, 
1.9990, 0.00162, 2.3455, 
1.9990, 0.00162, 2.3455, 
1.9990, 0.00162, 2.3456, 
1.9990, 0.00162, 2.3457, 
1.9990, 0.00162, 2.3458, 
1.9990, 0.00162, 2.3458, 
1.9990, 0.00162, 2.3459, 
1.9990, 0.00162, 2.3460, 
1.9990, 0.00162, 2.3461, 
1.9990, 0.00164, 2.3489, 
1.9990, 0.00164, 2.3490, 
2.0039, 0.00162, 2.3444, 
1.9990, 0.00162, 2.3460, 
1.9990, 0.00162, 2.3461, 
2.0039, 0.00162, 2.3442, 
1.9990, 0.00162, 2.3458, 
2.0039, 0.00160, 2.3412, 
1.9990, 0.00162, 2.3456, 
2.0039, 0.00160, 2.3410, 
1.9990, 0.00160, 2.3426, 
2.0039, 0.00160, 2.3408, 
1.9990, 0.00160, 2.3424, 
1.9990, 0.00162, 2.3452, 
1.9990, 0.00162, 2.3453, 
1.9990, 0.00162, 2.3454, 
1.9990, 0.00162, 2.3455, 
1.9990, 0.00162, 2.3455, 
1.9990, 0.00162, 2.3456, 
2.0039, 0.00160, 2.3410, 
1.9990, 0.00160, 2.3426, 
1.9990, 0.00162, 2.3455, 
1.9990, 0.00162, 2.3455, 
1.9990, 0.00162, 2.3456, 
1.9990, 0.00162, 2.3457, 
1.9990, 0.00162, 2.3458, 
1.9990, 0.00162, 2.3458, 
1.9990, 0.00162, 2.3459, 
1.9990, 0.00162, 2.3460, 
1.9990, 0.00162, 2.3461, 
1.9990, 0.00164, 2.3489, 
1.9990, 0.00164, 2.3490, 
1.9990, 0.00164, 2.3490, 
1.9990, 0.00164, 2.3491, 
2.0039, 0.00162, 2.3445, 
1.9990, 0.00162, 2.3461, 
1.9990, 0.00164, 2.3490, 
2.0039, 0.00162, 2.3444, 
2.0039, 0.00160, 2.3413, 
1.9990, 0.00162, 2.3457, 
1.9990, 0.00162, 2.3458, 
2.0039, 0.00160, 2.3411, 
2.0039, 0.00160, 2.3408, 
2.0039, 0.00158, 2.3378, 
1.9990, 0.00160, 2.3422, 
1.9990, 0.00162, 2.3450, 
1.9990, 0.00162, 2.3451, 
1.9990, 0.00162, 2.3452, 
1.9990, 0.00162, 2.3452, 
1.9990, 0.00162, 2.3453, 
1.9990, 0.00162, 2.3454, 
1.9990, 0.00162, 2.3455, 
1.9990, 0.00162, 2.3455, 
1.9990, 0.00162, 2.3456, 
1.9990, 0.00162, 2.3457, 
1.9990, 0.00162, 2.3458, 
1.9990, 0.00162, 2.3458, 
1.9990, 0.00162, 2.3459, 
1.9990, 0.00162, 2.3460, 
1.9990, 0.00162, 2.3461, 
1.9990, 0.00164, 2.3489, 
1.9990, 0.00164, 2.3490, 
1.9990, 0.00164, 2.3490, 
2.0039, 0.00162, 2.3444, 
1.9990, 0.00162, 2.3461, 
1.9990, 0.00164, 2.3489, 
2.0039, 0.00162, 2.3443, 
2.0039, 0.00160, 2.3412, 
2.0039, 0.00160, 2.3409, 
1.9990, 0.00160, 2.3426, 
1.9990, 0.00162, 2.3454, 
1.9990, 0.00162, 2.3455, 
2.0039, 0.00160, 2.3408, 
1.9990, 0.00160, 2.3425, 
1.9990, 0.00162, 2.3453, 
1.9990, 0.00162, 2.3454, 
2.0039, 0.00160, 2.3408, 
1.9990, 0.00160, 2.3424, 
1.9990, 0.00162, 2.3452, 
1.9990, 0.00162, 2.3453, 
1.9990, 0.00162, 2.3454, 
1.9990, 0.00162, 2.3455, 
2.0039, 0.00160, 2.3408, 
1.9990, 0.00160, 2.3425, 
1.9990, 0.00162, 2.3453, 
1.9990, 0.00162, 2.3454, 
1.9990, 0.00162, 2.3455, 
1.9990, 0.00162, 2.3455, 
1.9990, 0.00162, 2.3456, 
1.9990, 0.00162, 2.3457, 
1.9990, 0.00162, 2.3458, 
2.0039, 0.00160, 2.3411, 
1.9990, 0.00162, 2.3455, 
1.9990, 0.00162, 2.3456, 
1.9990, 0.00162, 2.3457, 
1.9990, 0.00162, 2.3458, 
1.9990, 0.00162, 2.3458, 
1.9990, 0.00162, 2.3459, 
1.9990, 0.00162, 2.3460, 
1.9990, 0.00162, 2.3461, 
1.9990, 0.00164, 2.3489, 
1.9990, 0.00164, 2.3490, 
1.9990, 0.00164, 2.3490, 
2.0039, 0.00162, 2.3444, 
2.0039, 0.00160, 2.3414, 
2.0039, 0.00160, 2.3411, 
2.0039, 0.00160, 2.3408, 
2.0039, 0.00158, 2.3377, 
1.9990, 0.00160, 2.3421, 
1.9990, 0.00162, 2.3449, 
1.9990, 0.00162, 2.3450, 
1.9990, 0.00162, 2.3451, 
1.9990, 0.00162, 2.3452, 
1.9990, 0.00162, 2.3452, 
1.9990, 0.00162, 2.3453, 
1.9990, 0.00162, 2.3454, 
1.9990, 0.00162, 2.3455, 
1.9990, 0.00162, 2.3455, 
1.9990, 0.00162, 2.3456, 
1.9990, 0.00162, 2.3457, 
1.9990, 0.00162, 2.3458, 
1.9990, 0.00162, 2.3458, 
1.9990, 0.00162, 2.3459, 
1.9990, 0.00162, 2.3460, 
1.9990, 0.00162, 2.3461, 
1.9990, 0.00164, 2.3489, 
1.9990, 0.00164, 2.3490, 
1.9990, 0.00164, 2.3490, 
2.0039, 0.00162, 2.3444, 
2.0039, 0.00160, 2.3414, 
2.0039, 0.00160, 2.3411, 
1.9990, 0.00162, 2.3455, 
1.9990, 0.00162, 2.3455, 
1.9990, 0.00162, 2.3456, 
2.0039, 0.00160, 2.3410, 
1.9990, 0.00160, 2.3426, 
1.9990, 0.00162, 2.3455, 
2.0039, 0.00160, 2.3408, 
1.9990, 0.00160, 2.3425, 
1.9990, 0.00162, 2.3453, 
1.9990, 0.00162, 2.3454, 
1.9990, 0.00162, 2.3455, 
1.9990, 0.00162, 2.3455, 
1.9990, 0.00162, 2.3456, 
1.9990, 0.00162, 2.3457, 
1.9990, 0.00162, 2.3458, 
1.9990, 0.00162, 2.3458, 
1.9990, 0.00162, 2.3459, 
1.9990, 0.00162, 2.3460, 
1.9990, 0.00162, 2.3461, 
1.9990, 0.00164, 2.3489, 
1.9990, 0.00164, 2.3490, 
2.0039, 0.00162, 2.3443, 
2.0039, 0.00160, 2.3413, 
1.9990, 0.00162, 2.3457, 
1.9990, 0.00162, 2.3458, 
1.9990, 0.00162, 2.3458, 
1.9990, 0.00162, 2.3459, 
1.9990, 0.00162, 2.3460, 
1.9990, 0.00162, 2.3461, 
1.9990, 0.00164, 2.3489, 
1.9990, 0.00164, 2.3490, 
1.9990, 0.00164, 2.3490, 
2.0039, 0.00162, 2.3444, 
2.0039, 0.00160, 2.3414, 
2.0039, 0.00160, 2.3411, 
1.9990, 0.00162, 2.3455, 
1.9990, 0.00162, 2.3455, 
2.0039, 0.00160, 2.3409, 
1.9990, 0.00160, 2.3426, 
1.9990, 0.00162, 2.3454, 
1.9990, 0.00162, 2.3455, 
2.0039, 0.00160, 2.3408, 
1.9990, 0.00160, 2.3425, 
2.0039, 0.00160, 2.3406, 
1.9990, 0.00160, 2.3422, 
1.9990, 0.00162, 2.3451, 
1.9990, 0.00162, 2.3451, 
1.9990, 0.00162, 2.3452, 
1.9990, 0.00162, 2.3453, 
1.9990, 0.00162, 2.3454, 
1.9990, 0.00162, 2.3455, 
1.9990, 0.00162, 2.3455, 
1.9990, 0.00162, 2.3456, 
1.9990, 0.00162, 2.3457, 
1.9990, 0.00162, 2.3458, 
1.9990, 0.00162, 2.3458, 
2.0039, 0.00160, 2.3412, 
1.9990, 0.00162, 2.3456, 
1.9990, 0.00162, 2.3457, 
1.9990, 0.00162, 2.3458, 
1.9990, 0.00162, 2.3458, 
1.9990, 0.00162, 2.3459, 
1.9990, 0.00162, 2.3460, 
1.9990, 0.00162, 2.3461, 
1.9990, 0.00164, 2.3489, 
1.9990, 0.00164, 2.3490, 
1.9990, 0.00164, 2.3490, 
2.0039, 0.00162, 2.3444, 
1.9990, 0.00162, 2.3461, 
2.0039, 0.00162, 2.3442, 
2.0039, 0.00160, 2.3411, 
1.9990, 0.00162, 2.3455, 
2.0039, 0.00160, 2.3409, 
1.9990, 0.00160, 2.3425, 
1.9990, 0.00162, 2.3454, 
1.9990, 0.00162, 2.3455, 
1.9990, 0.00162, 2.3455, 
1.9990, 0.00162, 2.3456, 
1.9990, 0.00162, 2.3457, 
1.9990, 0.00162, 2.3458, 
1.9990, 0.00162, 2.3458, 
1.9990, 0.00162, 2.3459, 
1.9990, 0.00162, 2.3460, 
1.9990, 0.00162, 2.3461, 
2.0039, 0.00162, 2.3442, 
1.9990, 0.00162, 2.3458, 
1.9990, 0.00162, 2.3459, 
1.9990, 0.00162, 2.3460, 
1.9990, 0.00162, 2.3461, 
1.9990, 0.00164, 2.3489, 
2.0039, 0.00162, 2.3443, 
2.0039, 0.00160, 2.3412, 
1.9990, 0.00162, 2.3456, 
1.9990, 0.00162, 2.3457, 
1.9990, 0.00162, 2.3458, 
1.9990, 0.00162, 2.3458, 
2.0039, 0.00160, 2.3412, 
1.9990, 0.00162, 2.3456, 
1.9990, 0.00162, 2.3457, 
1.9990, 0.00162, 2.3458, 
1.9990, 0.00162, 2.3458, 
1.9990, 0.00162, 2.3459, 
1.9990, 0.00162, 2.3460, 
1.9990, 0.00162, 2.3461, 
1.9990, 0.00164, 2.3489, 
1.9990, 0.00164, 2.3490, 
2.0039, 0.00162, 2.3443, 
1.9990, 0.00162, 2.3460, 
2.0039, 0.00160, 2.3414, 
1.9990, 0.00162, 2.3458, 
2.0039, 0.00160, 2.3411, 
1.9990, 0.00162, 2.3455, 
1.9990, 0.00162, 2.3456, 
1.9990, 0.00162, 2.3457, 
1.9990, 0.00162, 2.3458, 
2.0039, 0.00160, 2.3411, 
1.9990, 0.00162, 2.3455, 
1.9990, 0.00162, 2.3456, 
1.9990, 0.00162, 2.3457, 
1.9990, 0.00162, 2.3458, 
1.9990, 0.00162, 2.3458, 
1.9990, 0.00162, 2.3459, 
1.9990, 0.00162, 2.3460, 
1.9990, 0.00162, 2.3461, 
1.9990, 0.00164, 2.3489, 
2.0039, 0.00162, 2.3443, 
1.9990, 0.00162, 2.3459, 
1.9990, 0.00162, 2.3460, 
1.9990, 0.00162, 2.3461, 
2.0039, 0.00162, 2.3442, 
1.9990, 0.00162, 2.3458, 
1.9990, 0.00162, 2.3459, 
1.9990, 0.00162, 2.3460, 
1.9990, 0.00162, 2.3461, 
1.9990, 0.00164, 2.3489, 
2.0039, 0.00162, 2.3443, 
1.9990, 0.00162, 2.3459, 
2.0039, 0.00160, 2.3413, 
1.9990, 0.00162, 2.3457, 
1.9990, 0.00162, 2.3458, 
1.9990, 0.00162, 2.3458, 
1.9990, 0.00162, 2.3459, 
1.9990, 0.00162, 2.3460, 
1.9990, 0.00162, 2.3461, 
2.0039, 0.00162, 2.3442, 
1.9990, 0.00162, 2.3458, 
1.9990, 0.00162, 2.3459, 
1.9990, 0.00162, 2.3460, 
1.9990, 0.00162, 2.3461, 
1.9990, 0.00164, 2.3489, 
1.9990, 0.00164, 2.3490, 
1.9990, 0.00164, 2.3490, 
1.9990, 0.00164, 2.3491, 
2.0039, 0.00162, 2.3445, 
2.0039, 0.00160, 2.3414, 
1.9990, 0.00162, 2.3458, 
1.9990, 0.00162, 2.3459, 
2.0039, 0.00160, 2.3413, 
2.0039, 0.00160, 2.3410, 
1.9990, 0.00160, 2.3426, 
1.9990, 0.00162, 2.3454, 
2.0039, 0.00160, 2.3408, 
1.9990, 0.00160, 2.3425, 
1.9990, 0.00162, 2.3453, 
1.9990, 0.00162, 2.3454, 
1.9990, 0.00162, 2.3454, 
1.9990, 0.00162, 2.3455, 
1.9990, 0.00162, 2.3456, 
1.9990, 0.00162, 2.3457, 
1.9990, 0.00162, 2.3457, 
2.0039, 0.00160, 2.3411, 
1.9990, 0.00162, 2.3455, 
1.9990, 0.00162, 2.3456, 
1.9990, 0.00162, 2.3457, 
1.9990, 0.00162, 2.3457, 
1.9990, 0.00162, 2.3458, 
1.9990, 0.00162, 2.3459, 
1.9990, 0.00162, 2.3460, 
1.9990, 0.00162, 2.3461, 
1.9990, 0.00164, 2.3489, 
1.9990, 0.00164, 2.3490, 
1.9990, 0.00164, 2.3490, 
2.0039, 0.00162, 2.3444, 
1.9990, 0.00162, 2.3461, 
2.0039, 0.00162, 2.3442, 
2.0039, 0.00160, 2.3411, 
2.0039, 0.00160, 2.3408, 
2.0039, 0.00158, 2.3378, 
1.9990, 0.00160, 2.3422, 
1.9990, 0.00162, 2.3450, 
1.9990, 0.00162, 2.3451, 
1.9990, 0.00162, 2.3451, 
1.9990, 0.00162, 2.3452, 
2.0039, 0.00160, 2.3406, 
1.9990, 0.00160, 2.3422, 
1.9990, 0.00162, 2.3451, 
1.9990, 0.00162, 2.3451, 
1.9990, 0.00162, 2.3452, 
1.9990, 0.00162, 2.3453, 
1.9990, 0.00162, 2.3454, 
1.9990, 0.00162, 2.3454, 
1.9990, 0.00162, 2.3455, 
1.9990, 0.00162, 2.3456, 
2.0039, 0.00160, 2.3410, 
2.0039, 0.00158, 2.3379, 
1.9990, 0.00160, 2.3423, 
2.0626, 0.00138, 2.2896, 
2.1163, 0.00084, 2.1973, 
2.1359, 0.00033, 2.1172, 
2.1212, 0.00002, 2.0740, 
2.0919, -0.00002, 2.0707, 
2.0626, 0.00009, 2.0890, 
2.0430, 0.00027, 2.1139, 
2.0332, 0.00040, 2.1310, 
2.0381, 0.00049, 2.1375, 
2.0430, 0.00049, 2.1326, 
2.0479, 0.00044, 2.1218, 
2.0479, 0.00040, 2.1126, 
2.0430, 0.00036, 2.1053, 
2.0430, 0.00033, 2.0992, 
2.0332, 0.00036, 2.1025, 
2.0332, 0.00038, 2.1027, 
2.0283, 0.00040, 2.1048, 
2.0283, 0.00042, 2.1053, 
2.0283, 0.00040, 2.1004, 
2.0283, 0.00038, 2.0954, 
2.0235, 0.00040, 2.0979, 
2.0235, 0.00038, 2.0934, 
2.0186, 0.00038, 2.0935, 
2.0186, 0.00038, 2.0920, 
2.0186, 0.00038, 2.0906, 
2.0137, 0.00040, 2.0938, 
2.0137, 0.00044, 2.0983, 
2.0137, 0.00044, 2.0972, 
2.0186, 0.00040, 2.0887, 
2.0186, 0.00036, 2.0818, 
2.0137, 0.00036, 2.0823, 
2.0088, 0.00038, 2.0859, 
2.0088, 0.00040, 2.0880, 
2.0088, 0.00040, 2.0873, 
2.0088, 0.00040, 2.0866, 
2.0088, 0.00040, 2.0859, 
2.0088, 0.00040, 2.0852, 
2.0088, 0.00040, 2.0846, 
2.0088, 0.00040, 2.0839, 
2.0088, 0.00040, 2.0832, 
2.0088, 0.00038, 2.0798, 
2.0088, 0.00038, 2.0791, 
2.0039, 0.00042, 2.0858, 
2.0039, 0.00044, 2.0883, 
2.0039, 0.00042, 2.0852, 
2.0088, 0.00040, 2.0802, 
2.0088, 0.00038, 2.0768, 
2.0039, 0.00038, 2.0781, 
2.0039, 0.00038, 2.0778, 
1.9990, 0.00040, 2.0821, 
1.9990, 0.00042, 2.0850, 
2.0039, 0.00044, 2.0859, 
2.0039, 0.00042, 2.0828, 
2.0039, 0.00040, 2.0797, 
2.0039, 0.00040, 2.0794, 
2.0039, 0.00042, 2.0819, 
2.0039, 0.00040, 2.0788, 
2.0039, 0.00040, 2.0785, 
2.0039, 0.00038, 2.0755, 
2.0039, 0.00038, 2.0752, 
1.9990, 0.00040, 2.0796, 
1.9990, 0.00042, 2.0824, 
2.0039, 0.00040, 2.0778, 
2.0039, 0.00038, 2.0747, 
2.0039, 0.00038, 2.0744, 
1.9990, 0.00040, 2.0788, 
1.9990, 0.00044, 2.0844, 
2.0039, 0.00044, 2.0825, 
2.0039, 0.00040, 2.0767, 
1.9990, 0.00042, 2.0811, 
2.0039, 0.00040, 2.0765, 
2.0039, 0.00038, 2.0734, 
1.9990, 0.00038, 2.0751, 
1.9990, 0.00040, 2.0779, 
1.9990, 0.00042, 2.0807, 
1.9990, 0.00044, 2.0835, 
1.9990, 0.00042, 2.0809, 
1.9990, 0.00044, 2.0837, 
2.0039, 0.00042, 2.0791, 
2.0039, 0.00040, 2.0760, 
2.0039, 0.00038, 2.0730, 
1.9990, 0.00038, 2.0746, 
1.9990, 0.00040, 2.0774, 
1.9990, 0.00040, 2.0775, 
1.9990, 0.00040, 2.0776, 
1.9990, 0.00040, 2.0777, 
1.9990, 0.00040, 2.0777, 
1.9990, 0.00040, 2.0778, 
1.9990, 0.00040, 2.0779, 
1.9990, 0.00040, 2.0780, 
1.9990, 0.00040, 2.0780, 
1.9990, 0.00040, 2.0781, 
1.9990, 0.00040, 2.0782, 
1.9990, 0.00040, 2.0783, 
1.9990, 0.00040, 2.0783, 
1.9990, 0.00040, 2.0784, 
1.9990, 0.00040, 2.0785, 
1.9990, 0.00040, 2.0786, 
1.9990, 0.00042, 2.0814, 
1.9990, 0.00044, 2.0842, 
1.9990, 0.00047, 2.0871, 
2.0039, 0.00042, 2.0797, 
2.0039, 0.00042, 2.0794, 
2.0039, 0.00040, 2.0763, 
2.0039, 0.00038, 2.0733, 
2.0039, 0.00036, 2.0702, 
1.9990, 0.00038, 2.0746, 
1.9990, 0.00040, 2.0774, 
1.9990, 0.00040, 2.0775, 
1.9990, 0.00040, 2.0776, 
1.9990, 0.00042, 2.0804, 
1.9990, 0.00044, 2.0832, 
1.9990, 0.00044, 2.0833, 
1.9990, 0.00044, 2.0834, 
1.9990, 0.00042, 2.0807, 
2.0039, 0.00040, 2.0761, 
2.0039, 0.00038, 2.0730, 
1.9990, 0.00038, 2.0747, 
1.9990, 0.00040, 2.0775, 
1.9990, 0.00040, 2.0776, 
1.9990, 0.00040, 2.0777, 
1.9990, 0.00040, 2.0777, 
1.9990, 0.00040, 2.0778, 
1.9990, 0.00040, 2.0779, 
1.9990, 0.00040, 2.0780, 
1.9990, 0.00040, 2.0780, 
1.9990, 0.00040, 2.0781, 
1.9990, 0.00040, 2.0782, 
1.9990, 0.00040, 2.0783, 
1.9990, 0.00040, 2.0783, 
1.9990, 0.00040, 2.0784, 
1.9990, 0.00040, 2.0785, 
1.9990, 0.00040, 2.0786, 
1.9990, 0.00040, 2.0786, 
1.9990, 0.00044, 2.0842, 
1.9990, 0.00044, 2.0843, 
2.0039, 0.00042, 2.0797, 
2.0039, 0.00042, 2.0794, 
2.0039, 0.00040, 2.0763, 
2.0039, 0.00040, 2.0760, 
1.9990, 0.00040, 2.0777, 
1.9990, 0.00040, 2.0777, 
1.9990, 0.00040, 2.0778, 
1.9990, 0.00040, 2.0779, 
1.9990, 0.00040, 2.0780, 
1.9990, 0.00040, 2.0780, 
1.9990, 0.00040, 2.0781, 
1.9990, 0.00040, 2.0782, 
1.9990, 0.00040, 2.0783, 
1.9990, 0.00040, 2.0783, 
1.9990, 0.00042, 2.0812, 
1.9990, 0.00044, 2.0840, 
1.9990, 0.00044, 2.0841, 
2.0039, 0.00044, 2.0822, 
2.0039, 0.00040, 2.0764, 
2.0039, 0.00038, 2.0733, 
1.9990, 0.00038, 2.0750, 
1.9990, 0.00040, 2.0778, 
1.9990, 0.00040, 2.0779, 
1.9990, 0.00042, 2.0807, 
1.9990, 0.00042, 2.0808, 
1.9990, 0.00042, 2.0809, 
1.9990, 0.00042, 2.0809, 
2.0039, 0.00040, 2.0763, 
2.0039, 0.00038, 2.0733, 
1.9990, 0.00040, 2.0777, 
1.9990, 0.00040, 2.0777, 
1.9990, 0.00042, 2.0806, 
1.9990, 0.00042, 2.0806, 
1.9990, 0.00042, 2.0807, 
1.9990, 0.00044, 2.0835, 
2.0039, 0.00042, 2.0789, 
1.9990, 0.00042, 2.0806, 
1.9990, 0.00044, 2.0834, 
2.0039, 0.00040, 2.0760, 
2.0039, 0.00038, 2.0730, 
1.9990, 0.00038, 2.0746, 
1.9990, 0.00042, 2.0802, 
1.9990, 0.00042, 2.0803, 
1.9990, 0.00044, 2.0831, 
1.9990, 0.00044, 2.0832, 
2.0039, 0.00040, 2.0758, 
1.9990, 0.00040, 2.0774, 
1.9990, 0.00040, 2.0775, 
1.9990, 0.00040, 2.0776, 
1.9990, 0.00040, 2.0777, 
1.9990, 0.00040, 2.0777, 
1.9990, 0.00040, 2.0778, 
1.9990, 0.00040, 2.0779, 
1.9990, 0.00040, 2.0780, 
1.9990, 0.00040, 2.0780, 
1.9990, 0.00040, 2.0781, 
1.9990, 0.00040, 2.0782, 
1.9990, 0.00040, 2.0783, 
1.9990, 0.00040, 2.0783, 
1.9990, 0.00040, 2.0784, 
1.9990, 0.00040, 2.0785, 
1.9990, 0.00042, 2.0813, 
1.9990, 0.00044, 2.0841, 
1.9990, 0.00047, 2.0870, 
2.0039, 0.00042, 2.0796, 
2.0039, 0.00042, 2.0793, 
2.0039, 0.00040, 2.0762, 
2.0039, 0.00038, 2.0732, 
1.9990, 0.00038, 2.0748, 
1.9990, 0.00040, 2.0777, 
1.9990, 0.00040, 2.0777, 
1.9990, 0.00042, 2.0806, 
1.9990, 0.00044, 2.0834, 
1.9990, 0.00042, 2.0807, 
2.0039, 0.00040, 2.0761, 
2.0039, 0.00038, 2.0730, 
1.9990, 0.00038, 2.0747, 
1.9990, 0.00040, 2.0775, 
1.9990, 0.00042, 2.0803, 
1.9990, 0.00042, 2.0804, 
1.9990, 0.00042, 2.0805, 
1.9990, 0.00042, 2.0806, 
1.9990, 0.00042, 2.0806, 
2.0039, 0.00040, 2.0760, 
2.0039, 0.00040, 2.0757, 
1.9990, 0.00040, 2.0774, 
1.9990, 0.00040, 2.0774, 
1.9990, 0.00042, 2.0803, 
1.9990, 0.00042, 2.0803, 
1.9990, 0.00042, 2.0804, 
1.9990, 0.00042, 2.0805, 
1.9990, 0.00042, 2.0806, 
2.0039, 0.00042, 2.0787, 
2.0039, 0.00042, 2.0784, 
2.0039, 0.00038, 2.0726, 
1.9990, 0.00038, 2.0742, 
1.9990, 0.00040, 2.0770, 
1.9990, 0.00040, 2.0771, 
1.9990, 0.00040, 2.0772, 
1.9990, 0.00040, 2.0773, 
1.9990, 0.00040, 2.0774, 
1.9990, 0.00040, 2.0774, 
1.9990, 0.00042, 2.0803, 
1.9990, 0.00042, 2.0803, 
1.9990, 0.00044, 2.0832, 
1.9990, 0.00044, 2.0832, 
2.0039, 0.00040, 2.0759, 
1.9990, 0.00040, 2.0775, 
1.9990, 0.00040, 2.0776, 
1.9990, 0.00042, 2.0804, 
1.9990, 0.00042, 2.0805, 
1.9990, 0.00042, 2.0806, 
1.9990, 0.00042, 2.0806, 
1.9990, 0.00044, 2.0835, 
2.0039, 0.00040, 2.0761, 
2.0039, 0.00038, 2.0730, 
1.9990, 0.00038, 2.0747, 
1.9990, 0.00040, 2.0775, 
1.9990, 0.00040, 2.0776, 
1.9990, 0.00040, 2.0777, 
1.9990, 0.00040, 2.0777, 
1.9990, 0.00040, 2.0778, 
1.9990, 0.00040, 2.0779, 
1.9990, 0.00040, 2.0780, 
1.9990, 0.00040, 2.0780, 
1.9990, 0.00042, 2.0809, 
1.9990, 0.00044, 2.0837, 
1.9990, 0.00047, 2.0865, 
2.0039, 0.00042, 2.0791, 
2.0039, 0.00040, 2.0761, 
2.0039, 0.00038, 2.0730, 
1.9990, 0.00038, 2.0747, 
1.9990, 0.00042, 2.0803, 
1.9990, 0.00042, 2.0803, 
1.9990, 0.00042, 2.0804, 
1.9990, 0.00044, 2.0832, 
2.0039, 0.00040, 2.0759, 
2.0039, 0.00038, 2.0728, 
1.9990, 0.00038, 2.0744, 
1.9990, 0.00040, 2.0773, 
1.9990, 0.00040, 2.0773, 
1.9990, 0.00040, 2.0774, 
1.9990, 0.00040, 2.0775, 
1.9990, 0.00040, 2.0776, 
1.9990, 0.00040, 2.0777, 
1.9990, 0.00040, 2.0777, 
1.9990, 0.00040, 2.0778, 
1.9990, 0.00042, 2.0806, 
1.9990, 0.00044, 2.0835, 
1.9990, 0.00044, 2.0835, 
2.0039, 0.00040, 2.0762, 
1.9990, 0.00040, 2.0778, 
1.9990, 0.00042, 2.0806, 
1.9990, 0.00044, 2.0835, 
1.9990, 0.00042, 2.0808, 
2.0039, 0.00040, 2.0762, 
2.0039, 0.00038, 2.0731, 
1.9990, 0.00038, 2.0747, 
1.9990, 0.00040, 2.0776, 
1.9990, 0.00040, 2.0777, 
1.9990, 0.00042, 2.0805, 
1.9990, 0.00042, 2.0806, 
1.9990, 0.00042, 2.0806, 
1.9990, 0.00042, 2.0807, 
1.9990, 0.00042, 2.0808, 
2.0039, 0.00040, 2.0762, 
2.0039, 0.00038, 2.0731, 
1.9990, 0.00038, 2.0747, 
1.9990, 0.00040, 2.0776, 
1.9990, 0.00042, 2.0804, 
1.9990, 0.00042, 2.0805, 
1.9990, 0.00042, 2.0806, 
1.9990, 0.00044, 2.0834, 
1.9990, 0.00042, 2.0807, 
2.0039, 0.00040, 2.0761, 
2.0039, 0.00038, 2.0730, 
1.9990, 0.00038, 2.0747, 
1.9990, 0.00040, 2.0775, 
1.9990, 0.00040, 2.0776, 
1.9990, 0.00040, 2.0777, 
1.9990, 0.00042, 2.0805, 
1.9990, 0.00044, 2.0833, 
2.0039, 0.00042, 2.0787, 
1.9990, 0.00042, 2.0803, 
2.0039, 0.00040, 2.0757, 
2.0039, 0.00038, 2.0727, 
1.9990, 0.00038, 2.0743, 
1.9990, 0.00042, 2.0799, 
1.9990, 0.00042, 2.0799, 
1.9990, 0.00042, 2.0800, 
1.9990, 0.00042, 2.0801, 
1.9990, 0.00042, 2.0802, 
2.0039, 0.00040, 2.0756, 
2.0039, 0.00038, 2.0725, 
1.9990, 0.00038, 2.0741, 
1.9990, 0.00040, 2.0770, 
1.9990, 0.00040, 2.0770, 
1.9990, 0.00040, 2.0771, 
1.9990, 0.00042, 2.0799, 
1.9990, 0.00042, 2.0800, 
1.9990, 0.00042, 2.0801, 
1.9990, 0.00044, 2.0829, 
1.9990, 0.00042, 2.0802, 
2.0039, 0.00040, 2.0756, 
1.9990, 0.00042, 2.0800, 
1.9990, 0.00044, 2.0828, 
1.9990, 0.00042, 2.0802, 
2.0039, 0.00042, 2.0783, 
2.0039, 0.00038, 2.0725, 
1.9990, 0.00038, 2.0741, 
1.9990, 0.00040, 2.0770, 
1.9990, 0.00040, 2.0770, 
1.9990, 0.00040, 2.0771, 
1.9990, 0.00040, 2.0772, 
1.9990, 0.00040, 2.0773, 
1.9990, 0.00040, 2.0773, 
1.9990, 0.00040, 2.0774, 
1.9990, 0.00040, 2.0775, 
1.9990, 0.00040, 2.0776, 
1.9990, 0.00040, 2.0776, 
1.9990, 0.00040, 2.0777, 
1.9990, 0.00040, 2.0778, 
1.9990, 0.00040, 2.0779, 
1.9990, 0.00040, 2.0780, 
1.9990, 0.00040, 2.0780, 
1.9990, 0.00040, 2.0781, 
1.9990, 0.00040, 2.0782, 
1.9990, 0.00040, 2.0783, 
1.9990, 0.00042, 2.0811, 
1.9990, 0.00042, 2.0812, 
1.9990, 0.00042, 2.0812, 
1.9990, 0.00042, 2.0813, 
1.9795, 0.00051, 2.1002, 
1.9599, 0.00069, 2.1316, 
1.9453, 0.00089, 2.1653, 
1.9355, 0.00111, 2.2009, 
1.9257, 0.00131, 2.2346, 
1.9257, 0.00144, 2.2569, 
1.9208, 0.00158, 2.2811, 
1.9257, 0.00167, 2.2963, 
1.9306, 0.00171, 2.3056, 
1.9306, 0.00176, 2.3165, 
1.9355, 0.00180, 2.3255, 
1.9404, 0.00180, 2.3285, 
1.9453, 0.00180, 2.3312, 
1.9501, 0.00180, 2.3335, 
1.9550, 0.00178, 2.3327, 
1.9550, 0.00178, 2.3362, 
1.9599, 0.00178, 2.3377, 
1.9599, 0.00178, 2.3409, 
1.9648, 0.00176, 2.3393, 
1.9697, 0.00173, 2.3373, 
1.9697, 0.00173, 2.3397, 
1.9746, 0.00171, 2.3373, 
1.9746, 0.00171, 2.3393, 
1.9795, 0.00169, 2.3366, 
1.9795, 0.00169, 2.3382, 
1.9795, 0.00169, 2.3398, 
1.9844, 0.00167, 2.3366, 
1.9844, 0.00167, 2.3379, 
1.9844, 0.00167, 2.3391, 
1.9844, 0.00167, 2.3403, 
1.9844, 0.00167, 2.3415, 
1.9892, 0.00167, 2.3408, 
1.9892, 0.00164, 2.3389, 
1.9892, 0.00164, 2.3397, 
1.9892, 0.00164, 2.3405, 
1.9892, 0.00164, 2.3414, 
1.9892, 0.00167, 2.3450, 
1.9892, 0.00167, 2.3458, 
1.9941, 0.00164, 2.3419, 
1.9941, 0.00164, 2.3424, 
1.9941, 0.00164, 2.3428, 
1.9941, 0.00164, 2.3433, 
1.9941, 0.00164, 2.3437, 
1.9941, 0.00164, 2.3442, 
1.9941, 0.00164, 2.3447, 
1.9941, 0.00164, 2.3451, 
1.9941, 0.00164, 2.3456, 
1.9990, 0.00162, 2.3413, 
1.9990, 0.00162, 2.3414, 
1.9990, 0.00162, 2.3415, 
1.9990, 0.00162, 2.3416, 
1.9990, 0.00162, 2.3416, 
1.9990, 0.00162, 2.3417, 
1.9990, 0.00162, 2.3418, 
1.9990, 0.00162, 2.3419, 
1.9990, 0.00162, 2.3419, 
1.9990, 0.00162, 2.3420, 
1.9990, 0.00162, 2.3421, 
1.9990, 0.00162, 2.3422, 
1.9990, 0.00162, 2.3422, 
1.9990, 0.00162, 2.3423, 
1.9990, 0.00162, 2.3424, 
1.9990, 0.00162, 2.3425, 
1.9990, 0.00162, 2.3425, 
1.9990, 0.00162, 2.3426, 
1.9990, 0.00162, 2.3427, 
1.9990, 0.00162, 2.3428, 
1.9990, 0.00162, 2.3428, 
1.9990, 0.00162, 2.3429, 
1.9990, 0.00162, 2.3430, 
1.9990, 0.00162, 2.3431, 
1.9990, 0.00162, 2.3431, 
1.9990, 0.00162, 2.3432, 
1.9990, 0.00162, 2.3433, 
1.9990, 0.00162, 2.3434, 
1.9990, 0.00162, 2.3435, 
1.9990, 0.00162, 2.3435, 
2.0039, 0.00158, 2.3362, 
1.9990, 0.00160, 2.3405, 
1.9990, 0.00160, 2.3406, 
1.9990, 0.00160, 2.3407, 
1.9990, 0.00160, 2.3408, 
1.9990, 0.00160, 2.3409, 
1.9990, 0.00160, 2.3409, 
1.9990, 0.00160, 2.3410, 
1.9990, 0.00162, 2.3438, 
1.9990, 0.00162, 2.3439, 
1.9990, 0.00162, 2.3440, 
1.9990, 0.00162, 2.3441, 
1.9990, 0.00162, 2.3441, 
1.9990, 0.00162, 2.3442, 
1.9990, 0.00162, 2.3443, 
1.9990, 0.00162, 2.3444, 
1.9990, 0.00162, 2.3444, 
1.9990, 0.00162, 2.3445, 
1.9990, 0.00162, 2.3446, 
1.9990, 0.00162, 2.3447, 
1.9990, 0.00162, 2.3447, 
1.9990, 0.00162, 2.3448, 
1.9990, 0.00162, 2.3449, 
1.9990, 0.00162, 2.3450, 
1.9990, 0.00162, 2.3450, 
1.9990, 0.00162, 2.3451, 
1.9990, 0.00162, 2.3452, 
1.9990, 0.00162, 2.3453, 
1.9990, 0.00162, 2.3453, 
1.9990, 0.00162, 2.3454, 
1.9990, 0.00162, 2.3455, 
1.9990, 0.00162, 2.3456, 
1.9990, 0.00162, 2.3457, 
1.9990, 0.00162, 2.3457, 
1.9990, 0.00162, 2.3458, 
1.9990, 0.00162, 2.3459, 
1.9990, 0.00162, 2.3460, 
1.9990, 0.00162, 2.3460, 
1.9990, 0.00162, 2.3461, 
1.9990, 0.00164, 2.3489, 
1.9990, 0.00164, 2.3490, 
1.9990, 0.00164, 2.3491, 
1.9990, 0.00164, 2.3492, 
1.9990, 0.00164, 2.3492, 
2.0039, 0.00162, 2.3446, 
2.0039, 0.00160, 2.3416, 
1.9990, 0.00162, 2.3460, 
2.0039, 0.00160, 2.3413, 
1.9990, 0.00162, 2.3457, 
1.9990, 0.00162, 2.3458, 
1.9990, 0.00162, 2.3459, 
1.9990, 0.00162, 2.3460, 
2.0039, 0.00160, 2.3413, 
1.9990, 0.00162, 2.3457, 
1.9990, 0.00162, 2.3458, 
1.9990, 0.00162, 2.3459, 
1.9990, 0.00162, 2.3460, 
1.9990, 0.00162, 2.3460, 
1.9990, 0.00162, 2.3461, 
1.9990, 0.00164, 2.3489, 
1.9990, 0.00164, 2.3490, 
2.0039, 0.00162, 2.3444, 
1.9990, 0.00162, 2.3460, 
1.9990, 0.00162, 2.3461, 
2.0039, 0.00162, 2.3442, 
1.9990, 0.00162, 2.3459, 
1.9990, 0.00162, 2.3460, 
2.0039, 0.00160, 2.3413, 
1.9990, 0.00162, 2.3457, 
1.9990, 0.00162, 2.3458, 
1.9990, 0.00162, 2.3459, 
1.9990, 0.00162, 2.3460, 
1.9990, 0.00162, 2.3460, 
1.9990, 0.00162, 2.3461, 
1.9990, 0.00164, 2.3489, 
1.9990, 0.00164, 2.3490, 
1.9990, 0.00164, 2.3491, 
1.9990, 0.00164, 2.3492, 
1.9990, 0.00164, 2.3492, 
2.0039, 0.00162, 2.3446, 
2.0039, 0.00160, 2.3416, 
1.9990, 0.00162, 2.3460, 
1.9990, 0.00162, 2.3460, 
1.9990, 0.00162, 2.3461, 
1.9990, 0.00164, 2.3489, 
2.0039, 0.00162, 2.3443, 
2.0039, 0.00160, 2.3413, 
2.0039, 0.00160, 2.3410, 
2.0039, 0.00158, 2.3379, 
1.9990, 0.00160, 2.3423, 
1.9990, 0.00162, 2.3451, 
1.9990, 0.00162, 2.3452, 
1.9990, 0.00162, 2.3453, 
1.9990, 0.00162, 2.3453, 
1.9990, 0.00162, 2.3454, 
1.9990, 0.00162, 2.3455, 
1.9990, 0.00162, 2.3456, 
1.9990, 0.00162, 2.3456, 
1.9990, 0.00162, 2.3457, 
1.9990, 0.00162, 2.3458, 
1.9990, 0.00162, 2.3459, 
1.9990, 0.00162, 2.3460, 
1.9990, 0.00162, 2.3460, 
1.9990, 0.00162, 2.3461, 
1.9990, 0.00164, 2.3489, 
1.9990, 0.00164, 2.3490, 
1.9990, 0.00164, 2.3491, 
1.9990, 0.00164, 2.3492, 
1.9990, 0.00164, 2.3492, 
2.0039, 0.00162, 2.3446, 
2.0039, 0.00160, 2.3416, 
2.0039, 0.00160, 2.3413, 
1.9990, 0.00162, 2.3456, 
2.0039, 0.00160, 2.3410, 
1.9990, 0.00162, 2.3454, 
2.0039, 0.00160, 2.3408, 
1.9990, 0.00160, 2.3424, 
1.9990, 0.00162, 2.3453, 
1.9990, 0.00162, 2.3453, 
1.9990, 0.00162, 2.3454, 
1.9990, 0.00162, 2.3455, 
1.9990, 0.00162, 2.3456, 
1.9990, 0.00162, 2.3456, 
1.9990, 0.00162, 2.3457, 
1.9990, 0.00162, 2.3458, 
1.9990, 0.00162, 2.3459, 
1.9990, 0.00162, 2.3459, 
1.9990, 0.00162, 2.3460, 
1.9990, 0.00162, 2.3461, 
1.9990, 0.00164, 2.3489, 
2.0039, 0.00162, 2.3443, 
1.9990, 0.00162, 2.3459, 
1.9990, 0.00162, 2.3460, 
1.9990, 0.00162, 2.3461, 
1.9990, 0.00164, 2.3489, 
1.9990, 0.00164, 2.3490, 
1.9990, 0.00164, 2.3491, 
2.0039, 0.00162, 2.3445, 
2.0039, 0.00160, 2.3414, 
1.9990, 0.00162, 2.3458, 
1.9990, 0.00162, 2.3459, 
2.0039, 0.00160, 2.3413, 
1.9990, 0.00162, 2.3456, 
1.9990, 0.00162, 2.3457, 
1.9990, 0.00162, 2.3458, 
1.9990, 0.00162, 2.3459, 
1.9990, 0.00162, 2.3459, 
1.9990, 0.00162, 2.3460, 
1.9990, 0.00162, 2.3461, 
1.9990, 0.00164, 2.3489, 
1.9990, 0.00164, 2.3490, 
1.9990, 0.00164, 2.3491, 
2.0039, 0.00162, 2.3445, 
1.9990, 0.00162, 2.3461, 
1.9990, 0.00164, 2.3489, 
1.9990, 0.00164, 2.3490, 
2.0039, 0.00162, 2.3444, 
2.0039, 0.00160, 2.3413, 
2.0039, 0.00160, 2.3410, 
2.0039, 0.00160, 2.3407, 
1.9990, 0.00160, 2.3424, 
1.9990, 0.00162, 2.3452, 
2.0039, 0.00160, 2.3406, 
1.9990, 0.00160, 2.3422, 
1.9990, 0.00162, 2.3450, 
1.9990, 0.00162, 2.3451, 
1.9990, 0.00162, 2.3452, 
1.9990, 0.00162, 2.3453, 
1.9990, 0.00162, 2.3453, 
1.9990, 0.00162, 2.3454, 
1.9990, 0.00162, 2.3455, 
1.9990, 0.00162, 2.3456, 
1.9990, 0.00162, 2.3456, 
1.9990, 0.00162, 2.3457, 
1.9990, 0.00162, 2.3458, 
1.9990, 0.00162, 2.3459, 
1.9990, 0.00162, 2.3459, 
1.9990, 0.00162, 2.3460, 
1.9990, 0.00162, 2.3461, 
1.9990, 0.00164, 2.3489, 
1.9990, 0.00164, 2.3490, 
1.9990, 0.00164, 2.3491, 
1.9990, 0.00164, 2.3492, 
2.0039, 0.00162, 2.3445, 
2.0039, 0.00160, 2.3415, 
2.0039, 0.00160, 2.3412, 
2.0039, 0.00160, 2.3409, 
2.0039, 0.00158, 2.3378, 
2.0039, 0.00158, 2.3375, 
1.9990, 0.00160, 2.3419, 
1.9990, 0.00162, 2.3447, 
1.9990, 0.00162, 2.3448, 
1.9990, 0.00140, 2.3174, 
1.9990, 0.00151, 2.3312, 
1.9990, 0.00158, 2.3395, 
1.9941, 0.00162, 2.3471, 
1.9941, 0.00167, 2.3530, 
1.9990, 0.00164, 2.3488, 
1.9990, 0.00164, 2.3488, 
1.9990, 0.00164, 2.3489, 
1.9990, 0.00164, 2.3490, 
1.9990, 0.00164, 2.3491, 
1.9990, 0.00164, 2.3492, 
1.9990, 0.00164, 2.3492, 
1.9990, 0.00158, 2.3410, 
1.9990, 0.00158, 2.3411, 
1.9990, 0.00162, 2.3467, 
1.9990, 0.00164, 2.3495, 
1.9990, 0.00164, 2.3496, 
1.9990, 0.00164, 2.3497, 
1.9990, 0.00164, 2.3498, 
1.9990, 0.00164, 2.3498, 
1.9990, 0.00164, 2.3499, 
1.9990, 0.00164, 2.3500, 
1.9990, 0.00164, 2.3501, 
1.9990, 0.00160, 2.3446, 
1.9990, 0.00162, 2.3475, 
2.0039, 0.00162, 2.3456, 
1.9990, 0.00162, 2.3472, 
1.9990, 0.00164, 2.3501, 
1.9990, 0.00164, 2.3501, 
1.9990, 0.00164, 2.3502, 
1.9990, 0.00164, 2.3503, 
2.0039, 0.00162, 2.3457, 
1.9990, 0.00156, 2.3391, 
2.0039, 0.00158, 2.3399, 
1.9990, 0.00160, 2.3443, 
1.9990, 0.00156, 2.3389, 
1.9990, 0.00160, 2.3445, 
1.9990, 0.00162, 2.3473, 
1.9990, 0.00164, 2.3501, 
1.9990, 0.00164, 2.3502, 
1.9990, 0.00156, 2.3393, 
1.9990, 0.00151, 2.3339, 
1.9990, 0.00153, 2.3367, 
1.9990, 0.00160, 2.3450, 
1.9990, 0.00162, 2.3478, 
1.9990, 0.00164, 2.3507, 
1.9990, 0.00164, 2.3507, 
1.9990, 0.00164, 2.3508, 
1.9990, 0.00164, 2.3509, 
1.9990, 0.00164, 2.3510, 
1.9990, 0.00164, 2.3510, 
1.9990, 0.00162, 2.3484, 
1.9990, 0.00164, 2.3512, 
1.9990, 0.00167, 2.3540, 
1.9990, 0.00167, 2.3541, 
1.9990, 0.00167, 2.3542, 
2.0039, 0.00164, 2.3496, 
2.0039, 0.00162, 2.3465, 
1.9990, 0.00164, 2.3509, 
2.0039, 0.00162, 2.3463, 
1.9990, 0.00164, 2.3507, 
1.9990, 0.00164, 2.3507, 
1.9990, 0.00164, 2.3508, 
1.9990, 0.00156, 2.3399, 
1.9990, 0.00160, 2.3455, 
1.9990, 0.00162, 2.3483, 
1.9990, 0.00149, 2.3319, 
1.9990, 0.00158, 2.3429, 
1.9990, 0.00162, 2.3485, 
1.9990, 0.00164, 2.3513, 
1.9990, 0.00167, 2.3542, 
2.0039, 0.00164, 2.3496, 
1.9990, 0.00164, 2.3512, 
1.9990, 0.00167, 2.3540, 
2.0039, 0.00164, 2.3494, 
1.9990, 0.00164, 2.3510, 
2.0039, 0.00162, 2.3464, 
2.0039, 0.00162, 2.3461, 
2.0039, 0.00162, 2.3458, 
2.0039, 0.00160, 2.3428, 
1.9990, 0.00162, 2.3472, 
1.9990, 0.00164, 2.3500, 
2.0039, 0.00162, 2.3454, 
2.0039, 0.00160, 2.3423, 
2.0039, 0.00160, 2.3420, 
1.9990, 0.00162, 2.3464, 
1.9990, 0.00160, 2.3437, 
1.9990, 0.00162, 2.3465, 
2.0039, 0.00162, 2.3447, 
1.9990, 0.00162, 2.3463, 
1.9990, 0.00164, 2.3491, 
1.9990, 0.00162, 2.3465, 
1.9990, 0.00164, 2.3493, 
1.9990, 0.00164, 2.3494, 
2.0039, 0.00160, 2.3420, 
2.0039, 0.00160, 2.3417, 
2.0039, 0.00160, 2.3414, 
2.0039, 0.00160, 2.3411, 
2.0039, 0.00160, 2.3408, 
2.0039, 0.00158, 2.3377, 
1.9990, 0.00160, 2.3421, 
1.9990, 0.00162, 2.3450, 
1.9990, 0.00162, 2.3450, 
1.9990, 0.00158, 2.3396, 
1.9990, 0.00160, 2.3424, 
1.9990, 0.00158, 2.3398, 
1.9990, 0.00160, 2.3426, 
1.9990, 0.00162, 2.3454, 
1.9990, 0.00162, 2.3455, 
1.9990, 0.00162, 2.3456, 
1.9990, 0.00162, 2.3456, 
1.9990, 0.00162, 2.3457, 
1.9990, 0.00160, 2.3430, 
1.9990, 0.00162, 2.3459, 
1.9990, 0.00162, 2.3459, 
1.9990, 0.00162, 2.3460, 
1.9990, 0.00162, 2.3461, 
1.9990, 0.00164, 2.3489, 
1.9990, 0.00164, 2.3490, 
1.9990, 0.00162, 2.3463, 
1.9990, 0.00162, 2.3464, 
1.9990, 0.00164, 2.3492, 
1.9990, 0.00164, 2.3493, 
1.9990, 0.00164, 2.3494, 
1.9990, 0.00164, 2.3494, 
2.0039, 0.00162, 2.3448, 
2.0039, 0.00160, 2.3418, 
2.0039, 0.00160, 2.3415, 
1.9990, 0.00162, 2.3459, 
1.9990, 0.00162, 2.3459, 
1.9990, 0.00162, 2.3460, 
1.9990, 0.00162, 2.3461, 
1.9990, 0.00164, 2.3489, 
1.9990, 0.00164, 2.3490, 
2.0039, 0.00162, 2.3444, 
1.9990, 0.00160, 2.3433, 
1.9990, 0.00162, 2.3461, 
1.9990, 0.00164, 2.3489, 
1.9990, 0.00164, 2.3490, 
2.0039, 0.00162, 2.3444, 
2.0039, 0.00158, 2.3386, 
1.9990, 0.00160, 2.3430, 
1.9990, 0.00162, 2.3458, 
1.9990, 0.00162, 2.3459, 
1.9990, 0.00162, 2.3459, 
1.9990, 0.00162, 2.3460, 
2.0039, 0.00160, 2.3414, 
1.9990, 0.00160, 2.3430, 
1.9990, 0.00162, 2.3459, 
1.9990, 0.00162, 2.3459, 
1.9990, 0.00160, 2.3433, 
1.9990, 0.00162, 2.3461, 
1.9990, 0.00164, 2.3489, 
1.9990, 0.00164, 2.3490, 
1.9990, 0.00164, 2.3491, 
1.9990, 0.00164, 2.3491, 
1.9990, 0.00164, 2.3492, 
1.9990, 0.00164, 2.3493, 
2.0039, 0.00162, 2.3447, 
2.0039, 0.00160, 2.3416, 
2.0039, 0.00160, 2.3413, 
1.9990, 0.00160, 2.3430, 
1.9990, 0.00162, 2.3458, 
1.9990, 0.00162, 2.3459, 
1.9990, 0.00162, 2.3459, 
1.9990, 0.00162, 2.3460, 
1.9990, 0.00162, 2.3461, 
1.9990, 0.00164, 2.3489, 
1.9990, 0.00164, 2.3490, 
1.9990, 0.00164, 2.3491, 
1.9990, 0.00164, 2.3491, 
2.0039, 0.00162, 2.3445, 
2.0039, 0.00160, 2.3415, 
1.9990, 0.00162, 2.3459, 
2.0039, 0.00160, 2.3412, 
1.9990, 0.00160, 2.3429, 
1.9990, 0.00162, 2.3457, 
1.9990, 0.00162, 2.3458, 
1.9990, 0.00162, 2.3459, 
1.9990, 0.00162, 2.3459, 
2.0039, 0.00160, 2.3413, 
1.9990, 0.00162, 2.3457, 
1.9990, 0.00162, 2.3458, 
1.9990, 0.00162, 2.3459, 
1.9990, 0.00162, 2.3459, 
1.9990, 0.00162, 2.3460, 
2.0039, 0.00158, 2.3386, 
1.9990, 0.00160, 2.3430, 
1.9990, 0.00162, 2.3459, 
1.9990, 0.00162, 2.3459, 
1.9990, 0.00162, 2.3460, 
1.9990, 0.00162, 2.3461, 
1.9990, 0.00164, 2.3489, 
1.9990, 0.00164, 2.3490, 
1.9990, 0.00164, 2.3491, 
2.0039, 0.00162, 2.3444, 
1.9990, 0.00162, 2.3461, 
1.9990, 0.00164, 2.3489, 
2.0039, 0.00162, 2.3443, 
1.9990, 0.00162, 2.3459, 
1.9990, 0.00162, 2.3460, 
1.9990, 0.00162, 2.3461, 
1.9990, 0.00164, 2.3489, 
1.9990, 0.00162, 2.3462, 
2.0039, 0.00162, 2.3444, 
2.0039, 0.00160, 2.3413, 
1.9990, 0.00162, 2.3457, 
1.9990, 0.00162, 2.3458, 
1.9990, 0.00162, 2.3459, 
1.9990, 0.00162, 2.3459, 
1.9990, 0.00162, 2.3460, 
1.9990, 0.00162, 2.3461, 
1.9990, 0.00164, 2.3489, 
1.9990, 0.00164, 2.3490, 
1.9990, 0.00164, 2.3491, 
1.9990, 0.00164, 2.3491, 
2.0039, 0.00162, 2.3445, 
2.0039, 0.00160, 2.3415, 
1.9990, 0.00162, 2.3459, 
1.9990, 0.00162, 2.3459, 
1.9990, 0.00162, 2.3460, 
2.0039, 0.00160, 2.3414, 
1.9990, 0.00162, 2.3458, 
1.9990, 0.00162, 2.3459, 
1.9990, 0.00162, 2.3459, 
1.9990, 0.00162, 2.3460, 
1.9990, 0.00162, 2.3461, 
2.0039, 0.00162, 2.3442, 
1.9990, 0.00162, 2.3459, 
1.9990, 0.00162, 2.3459, 
1.9990, 0.00162, 2.3460, 
1.9990, 0.00160, 2.3433, 
1.9990, 0.00162, 2.3462, 
1.9990, 0.00164, 2.3490, 
1.9990, 0.00164, 2.3491, 
1.9990, 0.00164, 2.3491, 
2.0039, 0.00162, 2.3445, 
2.0039, 0.00160, 2.3415, 
1.9990, 0.00162, 2.3459, 
1.9990, 0.00162, 2.3459, 
1.9990, 0.00162, 2.3460, 
1.9990, 0.00162, 2.3461, 
2.0039, 0.00162, 2.3442, 
1.9990, 0.00162, 2.3459, 
1.9990, 0.00162, 2.3459, 
1.9990, 0.00162, 2.3460, 
1.9990, 0.00162, 2.3461, 
1.9990, 0.00164, 2.3489, 
2.0039, 0.00162, 2.3443, 
2.0039, 0.00160, 2.3412, 
1.9990, 0.00162, 2.3456, 
1.9990, 0.00162, 2.3457, 
1.9990, 0.00162, 2.3458, 
1.9990, 0.00162, 2.3459, 
1.9990, 0.00162, 2.3459, 
1.9990, 0.00162, 2.3460, 
1.9990, 0.00162, 2.3461, 
1.9990, 0.00164, 2.3489, 
2.0039, 0.00162, 2.3443, 
1.9990, 0.00162, 2.3459, 
1.9990, 0.00162, 2.3460, 
1.9990, 0.00162, 2.3461, 
1.9990, 0.00164, 2.3489, 
1.9990, 0.00164, 2.3490, 
2.0039, 0.00162, 2.3444, 
1.9990, 0.00162, 2.3460, 
2.0039, 0.00160, 2.3414, 
1.9990, 0.00162, 2.3458, 
1.9990, 0.00162, 2.3459, 
1.9990, 0.00162, 2.3459, 
2.0039, 0.00160, 2.3413, 
1.9990, 0.00162, 2.3457, 
1.9990, 0.00162, 2.3458, 
1.9990, 0.00162, 2.3459, 
2.0039, 0.00160, 2.3412, 
1.9990, 0.00162, 2.3456, 
2.0039, 0.00160, 2.3410, 
1.9990, 0.00162, 2.3454, 
1.9990, 0.00162, 2.3455, 
1.9990, 0.00162, 2.3456, 
1.9990, 0.00162, 2.3456, 
1.9990, 0.00162, 2.3457, 
1.9990, 0.00162, 2.3458, 
1.9990, 0.00162, 2.3459, 
1.9990, 0.00162, 2.3459, 
1.9990, 0.00162, 2.3460, 
1.9990, 0.00162, 2.3461, 
1.9990, 0.00162, 2.3462, 
1.9990, 0.00164, 2.3490, 
1.9990, 0.00164, 2.3491, 
1.9990, 0.00164, 2.3491, 
2.0039, 0.00162, 2.3445, 
2.0039, 0.00160, 2.3415, 
1.9990, 0.00162, 2.3459, 
1.9990, 0.00162, 2.3459, 
1.9990, 0.00162, 2.3460, 
1.9990, 0.00162, 2.3461, 
1.9990, 0.00164, 2.3489, 
1.9990, 0.00164, 2.3490, 
1.9990, 0.00164, 2.3491, 
2.0039, 0.00162, 2.3444, 
2.0039, 0.00160, 2.3414, 
2.0039, 0.00160, 2.3411, 
2.0039, 0.00160, 2.3408, 
1.9990, 0.00160, 2.3424, 
1.9990, 0.00162, 2.3452, 
1.9990, 0.00162, 2.3453, 
1.9990, 0.00162, 2.3454, 
2.0039, 0.00160, 2.3408, 
1.9990, 0.00160, 2.3424, 
1.9990, 0.00162, 2.3452, 
1.9990, 0.00162, 2.3453, 
1.9990, 0.00162, 2.3454, 
2.0039, 0.00160, 2.3408, 
1.9990, 0.00160, 2.3424, 
1.9990, 0.00160, 2.3425, 
1.9990, 0.00162, 2.3453, 
1.9990, 0.00162, 2.3454, 
1.9990, 0.00162, 2.3455, 
1.9990, 0.00162, 2.3455, 
1.9990, 0.00160, 2.3429, 
1.9990, 0.00162, 2.3457, 
1.9990, 0.00162, 2.3458, 
1.9990, 0.00162, 2.3459, 
1.9990, 0.00162, 2.3459, 
1.9990, 0.00162, 2.3460, 
1.9990, 0.00162, 2.3461, 
2.0039, 0.00162, 2.3442, 
2.0039, 0.00160, 2.3412, 
1.9990, 0.00162, 2.3455, 
1.9990, 0.00160, 2.3429, 
1.9990, 0.00162, 2.3457, 
1.9990, 0.00162, 2.3458, 
1.9990, 0.00162, 2.3459, 
1.9990, 0.00162, 2.3459, 
1.9990, 0.00162, 2.3460, 
1.9990, 0.00162, 2.3461, 
1.9990, 0.00164, 2.3489, 
1.9990, 0.00164, 2.3490, 
1.9990, 0.00162, 2.3463, 
1.9990, 0.00164, 2.3491, 
1.9990, 0.00164, 2.3492, 
1.9990, 0.00164, 2.3493, 
2.0039, 0.00160, 2.3419, 
2.0039, 0.00160, 2.3416, 
1.9990, 0.00162, 2.3460, 
2.0039, 0.00160, 2.3414, 
1.9990, 0.00162, 2.3458, 
1.9990, 0.00162, 2.3458, 
1.9990, 0.00162, 2.3459, 
1.9990, 0.00162, 2.3460, 
1.9990, 0.00162, 2.3461, 
1.9990, 0.00164, 2.3489, 
1.9990, 0.00164, 2.3490, 
1.9990, 0.00164, 2.3491, 
2.0039, 0.00162, 2.3444, 
2.0039, 0.00160, 2.3414, 
2.0039, 0.00160, 2.3411, 
1.9990, 0.00162, 2.3455, 
1.9990, 0.00162, 2.3455, 
1.9990, 0.00162, 2.3456, 
1.9990, 0.00162, 2.3457, 
2.0039, 0.00160, 2.3411, 
1.9990, 0.00162, 2.3455, 
1.9990, 0.00162, 2.3455, 
1.9990, 0.00162, 2.3456, 
1.9990, 0.00162, 2.3457, 
1.9990, 0.00162, 2.3458, 
1.9990, 0.00162, 2.3458, 
1.9990, 0.00162, 2.3459, 
1.9990, 0.00162, 2.3460, 
1.9990, 0.00160, 2.3433, 
1.9990, 0.00162, 2.3462, 
1.9990, 0.00164, 2.3490, 
1.9990, 0.00164, 2.3491, 
1.9990, 0.00164, 2.3491, 
1.9990, 0.00164, 2.3492, 
2.0039, 0.00162, 2.3446, 
1.9990, 0.00162, 2.3462, 
2.0039, 0.00162, 2.3444, 
2.0039, 0.00160, 2.3413, 
2.0039, 0.00160, 2.3410, 
1.9990, 0.00162, 2.3454, 
1.9990, 0.00162, 2.3455, 
1.9990, 0.00162, 2.3455, 
1.9990, 0.00162, 2.3456, 
1.9990, 0.00162, 2.3457, 
1.9990, 0.00162, 2.3458, 
1.9990, 0.00162, 2.3458, 
1.9990, 0.00162, 2.3459, 
1.9990, 0.00162, 2.3460, 
1.9990, 0.00162, 2.3461, 
1.9990, 0.00164, 2.3489, 
1.9990, 0.00164, 2.3490, 
1.9990, 0.00164, 2.3491, 
1.9990, 0.00164, 2.3491, 
2.0039, 0.00162, 2.3445, 
2.0039, 0.00160, 2.3415, 
1.9990, 0.00162, 2.3458, 
1.9990, 0.00160, 2.3432, 
1.9990, 0.00162, 2.3460, 
1.9990, 0.00162, 2.3461, 
1.9990, 0.00164, 2.3489, 
1.9990, 0.00164, 2.3490, 
1.9990, 0.00164, 2.3491, 
2.0039, 0.00162, 2.3444, 
1.9990, 0.00162, 2.3461, 
2.0039, 0.00162, 2.3442, 
1.9990, 0.00162, 2.3458, 
1.9990, 0.00162, 2.3459, 
2.0039, 0.00160, 2.3413, 
1.9990, 0.00162, 2.3457, 
2.0039, 0.00160, 2.3411, 
1.9990, 0.00162, 2.3455, 
1.9990, 0.00162, 2.3455, 
1.9990, 0.00162, 2.3456, 
1.9990, 0.00162, 2.3457, 
1.9990, 0.00162, 2.3458, 
1.9990, 0.00162, 2.3458, 
1.9990, 0.00162, 2.3459, 
1.9990, 0.00162, 2.3460, 
1.9990, 0.00162, 2.3461, 
1.9990, 0.00164, 2.3489, 
1.9990, 0.00164, 2.3490, 
1.9990, 0.00164, 2.3491, 
2.0039, 0.00162, 2.3444, 
2.0039, 0.00160, 2.3414, 
1.9990, 0.00160, 2.3430, 
1.9990, 0.00162, 2.3458, 
1.9990, 0.00162, 2.3459, 
1.9990, 0.00162, 2.3460, 
1.9990, 0.00162, 2.3461, 
2.0039, 0.00162, 2.3442, 
1.9990, 0.00162, 2.3458, 
1.9990, 0.00162, 2.3459, 
1.9990, 0.00162, 2.3460, 
1.9990, 0.00162, 2.3461, 
1.9990, 0.00164, 2.3489, 
1.9990, 0.00164, 2.3490, 
1.9990, 0.00164, 2.3491, 
2.0039, 0.00162, 2.3444, 
2.0039, 0.00160, 2.3414, 
1.9990, 0.00162, 2.3458, 
1.9990, 0.00158, 2.3403, 
2.0039, 0.00158, 2.3385, 
1.9990, 0.00160, 2.3429, 
1.9990, 0.00162, 2.3457, 
1.9990, 0.00162, 2.3458, 
1.9990, 0.00162, 2.3458, 
1.9990, 0.00162, 2.3459, 
1.9990, 0.00162, 2.3460, 
1.9990, 0.00162, 2.3461, 
1.9990, 0.00164, 2.3489, 
1.9990, 0.00164, 2.3490, 
1.9990, 0.00164, 2.3491, 
1.9990, 0.00162, 2.3464, 
1.9990, 0.00164, 2.3492, 
2.0039, 0.00162, 2.3446, 
1.9990, 0.00162, 2.3462, 
1.9990, 0.00164, 2.3490, 
2.0039, 0.00162, 2.3444, 
2.0039, 0.00160, 2.3414, 
2.0039, 0.00160, 2.3411, 
1.9990, 0.00162, 2.3455, 
1.9990, 0.00162, 2.3455, 
1.9990, 0.00162, 2.3456, 
2.0039, 0.00160, 2.3410, 
1.9990, 0.00160, 2.3426, 
1.9990, 0.00162, 2.3455, 
1.9990, 0.00162, 2.3455, 
1.9990, 0.00162, 2.3456, 
1.9990, 0.00162, 2.3457, 
1.9990, 0.00162, 2.3458, 
1.9990, 0.00162, 2.3458, 
1.9990, 0.00162, 2.3459, 
1.9990, 0.00162, 2.3460, 
1.9990, 0.00162, 2.3461, 
1.9990, 0.00164, 2.3489, 
2.0039, 0.00162, 2.3443, 
1.9990, 0.00162, 2.3459, 
1.9990, 0.00162, 2.3460, 
1.9990, 0.00162, 2.3461, 
1.9990, 0.00164, 2.3489, 
1.9990, 0.00162, 2.3462, 
2.0039, 0.00162, 2.3444, 
2.0039, 0.00160, 2.3413, 
1.9990, 0.00162, 2.3457, 
1.9990, 0.00162, 2.3458, 
1.9990, 0.00162, 2.3458, 
1.9990, 0.00162, 2.3459, 
1.9990, 0.00162, 2.3460, 
1.9990, 0.00162, 2.3461, 
1.9990, 0.00164, 2.3489, 
2.0039, 0.00162, 2.3443, 
1.9990, 0.00162, 2.3459, 
1.9990, 0.00162, 2.3460, 
1.9990, 0.00162, 2.3461, 
1.9990, 0.00164, 2.3489, 
2.0039, 0.00162, 2.3443, 
1.9990, 0.00162, 2.3459, 
2.0039, 0.00160, 2.3413, 
1.9990, 0.00162, 2.3457, 
1.9990, 0.00162, 2.3458, 
2.0039, 0.00160, 2.3411, 
1.9990, 0.00162, 2.3455, 
1.9990, 0.00162, 2.3456, 
1.9990, 0.00162, 2.3457, 
1.9990, 0.00162, 2.3458, 
1.9990, 0.00162, 2.3458, 
1.9990, 0.00162, 2.3459, 
2.0039, 0.00160, 2.3413, 
1.9990, 0.00160, 2.3429, 
1.9990, 0.00162, 2.3458, 
1.9990, 0.00162, 2.3458, 
1.9990, 0.00162, 2.3459, 
1.9990, 0.00162, 2.3460, 
1.9990, 0.00162, 2.3461, 
1.9990, 0.00164, 2.3489, 
1.9990, 0.00164, 2.3490, 
1.9990, 0.00164, 2.3490, 
1.9990, 0.00164, 2.3491, 
1.9990, 0.00164, 2.3492, 
2.0039, 0.00162, 2.3446, 
1.9990, 0.00162, 2.3462, 
2.0039, 0.00162, 2.3443, 
2.0039, 0.00160, 2.3413, 
2.0039, 0.00160, 2.3410, 
2.0039, 0.00158, 2.3379, 
1.9990, 0.00160, 2.3423, 
1.9990, 0.00162, 2.3452, 
1.9990, 0.00162, 2.3452, 
1.9990, 0.00162, 2.3453, 
1.9990, 0.00162, 2.3454, 
1.9990, 0.00162, 2.3455, 
1.9990, 0.00162, 2.3455, 
1.9990, 0.00162, 2.3456, 
1.9990, 0.00162, 2.3457, 
1.9990, 0.00162, 2.3458, 
1.9990, 0.00162, 2.3458, 
1.9990, 0.00160, 2.3432, 
1.9990, 0.00162, 2.3460, 
1.9990, 0.00162, 2.3461, 
1.9990, 0.00164, 2.3489, 
1.9990, 0.00164, 2.3490, 
1.9990, 0.00164, 2.3490, 
2.0039, 0.00162, 2.3444, 
1.9990, 0.00162, 2.3461, 
1.9990, 0.00164, 2.3489, 
2.0039, 0.00162, 2.3443, 
1.9990, 0.00162, 2.3459, 
1.9990, 0.00162, 2.3460, 
2.0039, 0.00160, 2.3414, 
1.9990, 0.00162, 2.3458, 
1.9990, 0.00162, 2.3458, 
1.9990, 0.00162, 2.3459, 
1.9990, 0.00162, 2.3460, 
1.9990, 0.00162, 2.3461, 
1.9990, 0.00164, 2.3489, 
1.9990, 0.00164, 2.3490, 
1.9990, 0.00164, 2.3490, 
2.0039, 0.00162, 2.3444, 
2.0039, 0.00160, 2.3414, 
2.0039, 0.00160, 2.3411, 
1.9990, 0.00162, 2.3455, 
2.0039, 0.00160, 2.3408, 
1.9990, 0.00160, 2.3425, 
1.9990, 0.00162, 2.3453, 
1.9990, 0.00160, 2.3426, 
1.9990, 0.00162, 2.3455, 
1.9990, 0.00162, 2.3455, 
1.9990, 0.00162, 2.3456, 
1.9990, 0.00162, 2.3457, 
1.9990, 0.00162, 2.3458, 
1.9990, 0.00162, 2.3458, 
1.9990, 0.00162, 2.3459, 
1.9990, 0.00162, 2.3460, 
1.9990, 0.00162, 2.3461, 
1.9990, 0.00164, 2.3489, 
1.9990, 0.00164, 2.3490, 
2.0039, 0.00162, 2.3443, 
1.9990, 0.00162, 2.3460, 
1.9990, 0.00162, 2.3461, 
1.9990, 0.00164, 2.3489, 
2.0039, 0.00162, 2.3443, 
2.0039, 0.00160, 2.3412, 
1.9990, 0.00162, 2.3456, 
1.9990, 0.00162, 2.3457, 
1.9990, 0.00162, 2.3458, 
2.0039, 0.00160, 2.3411, 
1.9990, 0.00162, 2.3455, 
1.9990, 0.00162, 2.3456, 
1.9990, 0.00162, 2.3457, 
1.9990, 0.00162, 2.3458, 
1.9990, 0.00162, 2.3458, 
2.0039, 0.00160, 2.3412, 
1.9990, 0.00160, 2.3429, 
1.9990, 0.00162, 2.3457, 
1.9990, 0.00162, 2.3458, 
1.9990, 0.00162, 2.3458, 
1.9990, 0.00162, 2.3459, 
1.9990, 0.00162, 2.3460, 
1.9990, 0.00162, 2.3461, 
1.9990, 0.00164, 2.3489, 
1.9990, 0.00164, 2.3490, 
1.9990, 0.00164, 2.3490, 
1.9990, 0.00164, 2.3491, 
1.9990, 0.00164, 2.3492, 
1.9990, 0.00164, 2.3493, 
2.0039, 0.00162, 2.3446, 
2.0039, 0.00160, 2.3416, 
2.0039, 0.00160, 2.3413, 
2.0039, 0.00160, 2.3410, 
1.9990, 0.00160, 2.3426, 
1.9990, 0.00162, 2.3455, 
1.9990, 0.00162, 2.3455, 
1.9990, 0.00162, 2.3456, 
1.9990, 0.00162, 2.3457, 
1.9990, 0.00162, 2.3458, 
1.9990, 0.00162, 2.3458, 
1.9990, 0.00162, 2.3459, 
2.0039, 0.00160, 2.3413, 
